%% Hanavan parameters
P=[ 0.1940;
    0.1000;
    0.2836;
    0.3292;
    0.3484;
    0.2698;
    0.3992;
    0.3906;
    0.2196;
    0.2186;
    0.2592;
    0.1276;
    0.1638;
    0.2818;
    0.1756;
    0.2562;
    0.2610;
    0.3163;
    0.2424;
    0.2315;
    0.0834;
    0.2466;
    0.3492;
    0.3890;
    0.4676;
    0.5512;
    0.9818;
    0.8948;
    0.7976;
    0.9422;
    0.1038;
    0.0700;
    0.0942;
    0.0282;
    0.1834;
    0.3262;
    0.2996;
    0.3122;
    0.3070;
    0.3012;
    0.57725];

